WEATHER_LAT=35.658868
WEATHER_LON=139.701238
